30
1
3
1.000000 0.750088 0.343893
2
10
1
-0.067295 3.755047
-1.547779 3.243607
-2.705249 2.462988
-3.405114 1.413190
-3.593540 0.336474
-3.378197 -0.417227
-2.974428 -1.090175
-1.978466 -1.870794
-1.036339 -2.436070
-0.148048 -2.678331
2
1
-8.061911 0.524899
-5.720054 0.444145
360
-0.067295 3.755047 0.000000
-1.547779 3.243607 0.000000
-2.705249 2.462988 0.000000
-3.405114 1.413190 0.000000
-3.593540 0.336474 0.000000
-3.378197 -0.417227 0.000000
-2.974428 -1.090175 0.000000
-1.978466 -1.870794 0.000000
-1.036339 -2.436070 0.000000
-0.148048 -2.678331 0.000000
-0.065824 3.755047 0.013991
-1.513957 3.243607 0.321801
-2.646133 2.462988 0.562453
-3.330704 1.413190 0.707963
-3.515012 0.336474 0.747139
-3.304375 -0.417227 0.702367
-2.909430 -1.090175 0.618418
-1.935231 -1.870794 0.411346
-1.013693 -2.436070 0.215467
-0.144813 -2.678331 0.030781
-0.061477 3.755047 0.027371
-1.413967 3.243607 0.629539
-2.471368 2.462988 1.100324
-3.110727 1.413190 1.384985
-3.282862 0.336474 1.461624
-3.086136 -0.417227 1.374036
-2.717275 -1.090175 1.209809
-1.807418 -1.870794 0.804714
-0.946743 -2.436070 0.421517
-0.135249 -2.678331 0.060217
-0.054443 3.755047 0.039555
-1.252180 3.243607 0.909762
-2.188592 2.462988 1.590105
-2.754795 1.413190 2.001476
-2.907235 0.336474 2.112230
-2.733018 -0.417227 1.985654
-2.406363 -1.090175 1.748325
-1.600612 -1.870794 1.162913
-0.838416 -2.436070 0.609145
-0.119774 -2.678331 0.087021
-0.045029 3.755047 0.050010
-1.035666 3.243607 1.150224
-1.810165 2.462988 2.010392
-2.278466 1.413190 2.530493
-2.404547 0.336474 2.670520
-2.260455 -0.417227 2.510489
-1.990281 -1.090175 2.210431
-1.323852 -1.870794 1.470287
-0.693446 -2.436070 0.770150
-0.099064 -2.678331 0.110021
-0.033647 3.755047 0.058279
-0.773890 3.243607 1.340416
-1.352624 2.462988 2.342814
-1.702557 1.413190 2.948916
-1.796770 0.336474 3.112097
-1.689098 -0.417227 2.925604
-1.487214 -1.090175 2.575930
-0.989233 -1.870794 1.713402
-0.518170 -2.436070 0.897496
-0.074024 -2.678331 0.128214
-0.020795 3.755047 0.064001
-0.478290 3.243607 1.472026
-0.835968 2.462988 2.572845
-1.052238 1.413190 3.238456
-1.110465 0.336474 3.417659
-1.043920 -0.417227 3.212856
-0.919149 -1.090175 2.828849
-0.611380 -1.870794 1.881633
-0.320246 -2.436070 0.985617
-0.045749 -2.678331 0.140802
-0.007034 3.755047 0.066926
-0.161787 3.243607 1.539300
-0.282776 2.462988 2.690429
-0.355931 1.413190 3.386461
-0.375627 0.336474 3.573854
-0.353118 -0.417227 3.359690
-0.310912 -1.090175 2.958134
-0.206806 -1.870794 1.967627
-0.108327 -2.436070 1.030662
-0.015475 -2.678331 0.147237
0.007034 3.755047 0.066926
0.161787 3.243607 1.539300
0.282776 2.462988 2.690429
0.355931 1.413190 3.386461
0.375627 0.336474 3.573854
0.353118 -0.417227 3.359690
0.310912 -1.090175 2.958134
0.206806 -1.870794 1.967627
0.108327 -2.436070 1.030662
0.015475 -2.678331 0.147237
0.020795 3.755047 0.064001
0.478290 3.243607 1.472026
0.835968 2.462988 2.572845
1.052238 1.413190 3.238456
1.110465 0.336474 3.417659
1.043920 -0.417227 3.212856
0.919149 -1.090175 2.828849
0.611380 -1.870794 1.881633
0.320246 -2.436070 0.985617
0.045749 -2.678331 0.140802
0.033647 3.755047 0.058279
0.773890 3.243607 1.340416
1.352624 2.462988 2.342814
1.702557 1.413190 2.948916
1.796770 0.336474 3.112097
1.689098 -0.417227 2.925604
1.487214 -1.090175 2.575930
0.989233 -1.870794 1.713402
0.518170 -2.436070 0.897496
0.074024 -2.678331 0.128214
0.045029 3.755047 0.050010
1.035666 3.243607 1.150224
1.810165 2.462988 2.010392
2.278466 1.413190 2.530493
2.404547 0.336474 2.670520
2.260455 -0.417227 2.510489
1.990281 -1.090175 2.210431
1.323852 -1.870794 1.470287
0.693446 -2.436070 0.770150
0.099064 -2.678331 0.110021
0.054443 3.755047 0.039555
1.252180 3.243607 0.909762
2.188592 2.462988 1.590105
2.754795 1.413190 2.001476
2.907235 0.336474 2.112230
2.733018 -0.417227 1.985654
2.406363 -1.090175 1.748325
1.600612 -1.870794 1.162913
0.838416 -2.436070 0.609145
0.119774 -2.678331 0.087021
0.061477 3.755047 0.027371
1.413967 3.243607 0.629539
2.471368 2.462988 1.100324
3.110727 1.413190 1.384985
3.282862 0.336474 1.461624
3.086136 -0.417227 1.374036
2.717275 -1.090175 1.209809
1.807418 -1.870794 0.804714
0.946743 -2.436070 0.421517
0.135249 -2.678331 0.060217
0.065824 3.755047 0.013991
1.513957 3.243607 0.321801
2.646133 2.462988 0.562453
3.330704 1.413190 0.707963
3.515012 0.336474 0.747139
3.304375 -0.417227 0.702367
2.909430 -1.090175 0.618418
1.935231 -1.870794 0.411346
1.013693 -2.436070 0.215467
0.144813 -2.678331 0.030781
0.067295 3.755047 0.000000
1.547779 3.243607 0.000000
2.705249 2.462988 0.000000
3.405114 1.413190 0.000000
3.593540 0.336474 0.000000
3.378197 -0.417227 0.000000
2.974428 -1.090175 0.000000
1.978466 -1.870794 0.000000
1.036339 -2.436070 0.000000
0.148048 -2.678331 0.000000
0.065824 3.755047 -0.013991
1.513957 3.243607 -0.321801
2.646133 2.462988 -0.562453
3.330704 1.413190 -0.707963
3.515012 0.336474 -0.747139
3.304375 -0.417227 -0.702367
2.909430 -1.090175 -0.618418
1.935231 -1.870794 -0.411346
1.013693 -2.436070 -0.215467
0.144813 -2.678331 -0.030781
0.061477 3.755047 -0.027371
1.413967 3.243607 -0.629539
2.471368 2.462988 -1.100324
3.110727 1.413190 -1.384985
3.282862 0.336474 -1.461624
3.086136 -0.417227 -1.374036
2.717275 -1.090175 -1.209809
1.807418 -1.870794 -0.804714
0.946743 -2.436070 -0.421517
0.135249 -2.678331 -0.060217
0.054443 3.755047 -0.039555
1.252180 3.243607 -0.909762
2.188592 2.462988 -1.590105
2.754795 1.413190 -2.001476
2.907235 0.336474 -2.112230
2.733018 -0.417227 -1.985654
2.406363 -1.090175 -1.748325
1.600612 -1.870794 -1.162913
0.838416 -2.436070 -0.609145
0.119774 -2.678331 -0.087021
0.045029 3.755047 -0.050010
1.035666 3.243607 -1.150224
1.810165 2.462988 -2.010392
2.278466 1.413190 -2.530493
2.404547 0.336474 -2.670520
2.260455 -0.417227 -2.510489
1.990281 -1.090175 -2.210431
1.323852 -1.870794 -1.470287
0.693446 -2.436070 -0.770150
0.099064 -2.678331 -0.110021
0.033647 3.755047 -0.058279
0.773890 3.243607 -1.340416
1.352624 2.462988 -2.342814
1.702557 1.413190 -2.948916
1.796770 0.336474 -3.112097
1.689098 -0.417227 -2.925604
1.487214 -1.090175 -2.575930
0.989233 -1.870794 -1.713402
0.518170 -2.436070 -0.897496
0.074024 -2.678331 -0.128214
0.020795 3.755047 -0.064001
0.478290 3.243607 -1.472026
0.835968 2.462988 -2.572845
1.052238 1.413190 -3.238456
1.110465 0.336474 -3.417659
1.043920 -0.417227 -3.212856
0.919149 -1.090175 -2.828849
0.611380 -1.870794 -1.881633
0.320246 -2.436070 -0.985617
0.045749 -2.678331 -0.140802
0.007034 3.755047 -0.066926
0.161787 3.243607 -1.539300
0.282776 2.462988 -2.690429
0.355931 1.413190 -3.386461
0.375627 0.336474 -3.573854
0.353118 -0.417227 -3.359690
0.310912 -1.090175 -2.958134
0.206806 -1.870794 -1.967627
0.108327 -2.436070 -1.030662
0.015475 -2.678331 -0.147237
-0.007034 3.755047 -0.066926
-0.161787 3.243607 -1.539300
-0.282776 2.462988 -2.690429
-0.355931 1.413190 -3.386461
-0.375627 0.336474 -3.573854
-0.353118 -0.417227 -3.359690
-0.310912 -1.090175 -2.958134
-0.206806 -1.870794 -1.967627
-0.108327 -2.436070 -1.030662
-0.015475 -2.678331 -0.147237
-0.020795 3.755047 -0.064001
-0.478290 3.243607 -1.472026
-0.835968 2.462988 -2.572845
-1.052238 1.413190 -3.238456
-1.110465 0.336474 -3.417659
-1.043920 -0.417227 -3.212856
-0.919149 -1.090175 -2.828849
-0.611380 -1.870794 -1.881633
-0.320246 -2.436070 -0.985617
-0.045749 -2.678331 -0.140802
-0.033647 3.755047 -0.058279
-0.773890 3.243607 -1.340416
-1.352624 2.462988 -2.342814
-1.702557 1.413190 -2.948916
-1.796770 0.336474 -3.112097
-1.689098 -0.417227 -2.925604
-1.487214 -1.090175 -2.575930
-0.989233 -1.870794 -1.713402
-0.518170 -2.436070 -0.897496
-0.074024 -2.678331 -0.128214
-0.045029 3.755047 -0.050010
-1.035666 3.243607 -1.150224
-1.810165 2.462988 -2.010392
-2.278466 1.413190 -2.530493
-2.404547 0.336474 -2.670520
-2.260455 -0.417227 -2.510489
-1.990281 -1.090175 -2.210431
-1.323852 -1.870794 -1.470287
-0.693446 -2.436070 -0.770150
-0.099064 -2.678331 -0.110021
-0.054443 3.755047 -0.039555
-1.252180 3.243607 -0.909762
-2.188592 2.462988 -1.590105
-2.754795 1.413190 -2.001476
-2.907235 0.336474 -2.112230
-2.733018 -0.417227 -1.985654
-2.406363 -1.090175 -1.748325
-1.600612 -1.870794 -1.162913
-0.838416 -2.436070 -0.609145
-0.119774 -2.678331 -0.087021
-0.061477 3.755047 -0.027371
-1.413967 3.243607 -0.629539
-2.471368 2.462988 -1.100324
-3.110727 1.413190 -1.384985
-3.282862 0.336474 -1.461624
-3.086136 -0.417227 -1.374036
-2.717275 -1.090175 -1.209809
-1.807418 -1.870794 -0.804714
-0.946743 -2.436070 -0.421517
-0.135249 -2.678331 -0.060217
-0.065824 3.755047 -0.013991
-1.513957 3.243607 -0.321801
-2.646133 2.462988 -0.562453
-3.330704 1.413190 -0.707963
-3.515012 0.336474 -0.747139
-3.304375 -0.417227 -0.702367
-2.909430 -1.090175 -0.618418
-1.935231 -1.870794 -0.411346
-1.013693 -2.436070 -0.215467
-0.144813 -2.678331 -0.030781
-8.061911 0.524899 0.000000
-5.720054 0.444145 0.000000
-7.885739 0.524899 1.676166
-5.595057 0.444145 1.189266
-7.364922 0.524899 3.279075
-5.225529 0.444145 2.326555
-6.522223 0.524899 4.738672
-4.627621 0.444145 3.362163
-5.394472 0.524899 5.991168
-3.827463 0.444145 4.250828
-4.030956 0.524899 6.981820
-2.860027 0.444145 4.953712
-2.491268 0.524899 7.667333
-1.767594 0.444145 5.440094
-0.842699 0.524899 8.017747
-0.597908 0.444145 5.688719
0.842699 0.524899 8.017747
0.597908 0.444145 5.688719
2.491268 0.524899 7.667333
1.767594 0.444145 5.440094
4.030956 0.524899 6.981820
2.860027 0.444145 4.953712
5.394472 0.524899 5.991168
3.827463 0.444145 4.250828
6.522223 0.524899 4.738672
4.627621 0.444145 3.362163
7.364922 0.524899 3.279075
5.225529 0.444145 2.326555
7.885739 0.524899 1.676166
5.595057 0.444145 1.189266
8.061911 0.524899 0.000000
5.720054 0.444145 0.000000
7.885739 0.524899 -1.676166
5.595057 0.444145 -1.189266
7.364922 0.524899 -3.279075
5.225529 0.444145 -2.326555
6.522223 0.524899 -4.738672
4.627621 0.444145 -3.362163
5.394472 0.524899 -5.991168
3.827463 0.444145 -4.250828
4.030956 0.524899 -6.981820
2.860027 0.444145 -4.953712
2.491268 0.524899 -7.667333
1.767594 0.444145 -5.440094
0.842699 0.524899 -8.017747
0.597908 0.444145 -5.688719
-0.842699 0.524899 -8.017747
-0.597908 0.444145 -5.688719
-2.491268 0.524899 -7.667333
-1.767594 0.444145 -5.440094
-4.030956 0.524899 -6.981820
-2.860027 0.444145 -4.953712
-5.394472 0.524899 -5.991168
-3.827463 0.444145 -4.250828
-6.522223 0.524899 -4.738672
-4.627621 0.444145 -3.362163
-7.364922 0.524899 -3.279075
-5.225529 0.444145 -2.326555
-7.885739 0.524899 -1.676166
-5.595057 0.444145 -1.189266
360
4 0 10 11 1
4 1 11 12 2
4 2 12 13 3
4 3 13 14 4
4 4 14 15 5
4 5 15 16 6
4 6 16 17 7
4 7 17 18 8
4 8 18 19 9
4 9 19 10 0
4 10 20 21 11
4 11 21 22 12
4 12 22 23 13
4 13 23 24 14
4 14 24 25 15
4 15 25 26 16
4 16 26 27 17
4 17 27 28 18
4 18 28 29 19
4 19 29 20 10
4 20 30 31 21
4 21 31 32 22
4 22 32 33 23
4 23 33 34 24
4 24 34 35 25
4 25 35 36 26
4 26 36 37 27
4 27 37 38 28
4 28 38 39 29
4 29 39 30 20
4 30 40 41 31
4 31 41 42 32
4 32 42 43 33
4 33 43 44 34
4 34 44 45 35
4 35 45 46 36
4 36 46 47 37
4 37 47 48 38
4 38 48 49 39
4 39 49 40 30
4 40 50 51 41
4 41 51 52 42
4 42 52 53 43
4 43 53 54 44
4 44 54 55 45
4 45 55 56 46
4 46 56 57 47
4 47 57 58 48
4 48 58 59 49
4 49 59 50 40
4 50 60 61 51
4 51 61 62 52
4 52 62 63 53
4 53 63 64 54
4 54 64 65 55
4 55 65 66 56
4 56 66 67 57
4 57 67 68 58
4 58 68 69 59
4 59 69 60 50
4 60 70 71 61
4 61 71 72 62
4 62 72 73 63
4 63 73 74 64
4 64 74 75 65
4 65 75 76 66
4 66 76 77 67
4 67 77 78 68
4 68 78 79 69
4 69 79 70 60
4 70 80 81 71
4 71 81 82 72
4 72 82 83 73
4 73 83 84 74
4 74 84 85 75
4 75 85 86 76
4 76 86 87 77
4 77 87 88 78
4 78 88 89 79
4 79 89 80 70
4 80 90 91 81
4 81 91 92 82
4 82 92 93 83
4 83 93 94 84
4 84 94 95 85
4 85 95 96 86
4 86 96 97 87
4 87 97 98 88
4 88 98 99 89
4 89 99 90 80
4 90 100 101 91
4 91 101 102 92
4 92 102 103 93
4 93 103 104 94
4 94 104 105 95
4 95 105 106 96
4 96 106 107 97
4 97 107 108 98
4 98 108 109 99
4 99 109 100 90
4 100 110 111 101
4 101 111 112 102
4 102 112 113 103
4 103 113 114 104
4 104 114 115 105
4 105 115 116 106
4 106 116 117 107
4 107 117 118 108
4 108 118 119 109
4 109 119 110 100
4 110 120 121 111
4 111 121 122 112
4 112 122 123 113
4 113 123 124 114
4 114 124 125 115
4 115 125 126 116
4 116 126 127 117
4 117 127 128 118
4 118 128 129 119
4 119 129 120 110
4 120 130 131 121
4 121 131 132 122
4 122 132 133 123
4 123 133 134 124
4 124 134 135 125
4 125 135 136 126
4 126 136 137 127
4 127 137 138 128
4 128 138 139 129
4 129 139 130 120
4 130 140 141 131
4 131 141 142 132
4 132 142 143 133
4 133 143 144 134
4 134 144 145 135
4 135 145 146 136
4 136 146 147 137
4 137 147 148 138
4 138 148 149 139
4 139 149 140 130
4 140 150 151 141
4 141 151 152 142
4 142 152 153 143
4 143 153 154 144
4 144 154 155 145
4 145 155 156 146
4 146 156 157 147
4 147 157 158 148
4 148 158 159 149
4 149 159 150 140
4 150 160 161 151
4 151 161 162 152
4 152 162 163 153
4 153 163 164 154
4 154 164 165 155
4 155 165 166 156
4 156 166 167 157
4 157 167 168 158
4 158 168 169 159
4 159 169 160 150
4 160 170 171 161
4 161 171 172 162
4 162 172 173 163
4 163 173 174 164
4 164 174 175 165
4 165 175 176 166
4 166 176 177 167
4 167 177 178 168
4 168 178 179 169
4 169 179 170 160
4 170 180 181 171
4 171 181 182 172
4 172 182 183 173
4 173 183 184 174
4 174 184 185 175
4 175 185 186 176
4 176 186 187 177
4 177 187 188 178
4 178 188 189 179
4 179 189 180 170
4 180 190 191 181
4 181 191 192 182
4 182 192 193 183
4 183 193 194 184
4 184 194 195 185
4 185 195 196 186
4 186 196 197 187
4 187 197 198 188
4 188 198 199 189
4 189 199 190 180
4 190 200 201 191
4 191 201 202 192
4 192 202 203 193
4 193 203 204 194
4 194 204 205 195
4 195 205 206 196
4 196 206 207 197
4 197 207 208 198
4 198 208 209 199
4 199 209 200 190
4 200 210 211 201
4 201 211 212 202
4 202 212 213 203
4 203 213 214 204
4 204 214 215 205
4 205 215 216 206
4 206 216 217 207
4 207 217 218 208
4 208 218 219 209
4 209 219 210 200
4 210 220 221 211
4 211 221 222 212
4 212 222 223 213
4 213 223 224 214
4 214 224 225 215
4 215 225 226 216
4 216 226 227 217
4 217 227 228 218
4 218 228 229 219
4 219 229 220 210
4 220 230 231 221
4 221 231 232 222
4 222 232 233 223
4 223 233 234 224
4 224 234 235 225
4 225 235 236 226
4 226 236 237 227
4 227 237 238 228
4 228 238 239 229
4 229 239 230 220
4 230 240 241 231
4 231 241 242 232
4 232 242 243 233
4 233 243 244 234
4 234 244 245 235
4 235 245 246 236
4 236 246 247 237
4 237 247 248 238
4 238 248 249 239
4 239 249 240 230
4 240 250 251 241
4 241 251 252 242
4 242 252 253 243
4 243 253 254 244
4 244 254 255 245
4 245 255 256 246
4 246 256 257 247
4 247 257 258 248
4 248 258 259 249
4 249 259 250 240
4 250 260 261 251
4 251 261 262 252
4 252 262 263 253
4 253 263 264 254
4 254 264 265 255
4 255 265 266 256
4 256 266 267 257
4 257 267 268 258
4 258 268 269 259
4 259 269 260 250
4 260 270 271 261
4 261 271 272 262
4 262 272 273 263
4 263 273 274 264
4 264 274 275 265
4 265 275 276 266
4 266 276 277 267
4 267 277 278 268
4 268 278 279 269
4 269 279 270 260
4 270 280 281 271
4 271 281 282 272
4 272 282 283 273
4 273 283 284 274
4 274 284 285 275
4 275 285 286 276
4 276 286 287 277
4 277 287 288 278
4 278 288 289 279
4 279 289 280 270
4 280 290 291 281
4 281 291 292 282
4 282 292 293 283
4 283 293 294 284
4 284 294 295 285
4 285 295 296 286
4 286 296 297 287
4 287 297 298 288
4 288 298 299 289
4 289 299 290 280
4 290 0 1 291
4 291 1 2 292
4 292 2 3 293
4 293 3 4 294
4 294 4 5 295
4 295 5 6 296
4 296 6 7 297
4 297 7 8 298
4 298 8 9 299
4 299 9 0 290
4 300 302 303 301
4 301 303 302 300
4 302 304 305 303
4 303 305 304 302
4 304 306 307 305
4 305 307 306 304
4 306 308 309 307
4 307 309 308 306
4 308 310 311 309
4 309 311 310 308
4 310 312 313 311
4 311 313 312 310
4 312 314 315 313
4 313 315 314 312
4 314 316 317 315
4 315 317 316 314
4 316 318 319 317
4 317 319 318 316
4 318 320 321 319
4 319 321 320 318
4 320 322 323 321
4 321 323 322 320
4 322 324 325 323
4 323 325 324 322
4 324 326 327 325
4 325 327 326 324
4 326 328 329 327
4 327 329 328 326
4 328 330 331 329
4 329 331 330 328
4 330 332 333 331
4 331 333 332 330
4 332 334 335 333
4 333 335 334 332
4 334 336 337 335
4 335 337 336 334
4 336 338 339 337
4 337 339 338 336
4 338 340 341 339
4 339 341 340 338
4 340 342 343 341
4 341 343 342 340
4 342 344 345 343
4 343 345 344 342
4 344 346 347 345
4 345 347 346 344
4 346 348 349 347
4 347 349 348 346
4 348 350 351 349
4 349 351 350 348
4 350 352 353 351
4 351 353 352 350
4 352 354 355 353
4 353 355 354 352
4 354 356 357 355
4 355 357 356 354
4 356 358 359 357
4 357 359 358 356
4 358 300 301 359
4 359 301 300 358
