30
1
3
0.564324 0.869276 1.000000
1
22
1
-5.666218 1.224764
-6.285330 1.117093
-6.581427 0.228802
-6.177658 -2.220727
-5.127860 -4.293405
-2.866756 -5.746972
-1.305518 -6.096904
-0.632571 -6.258412
-0.121131 -6.258412
0.013459 -5.935397
-0.794078 -5.558546
-1.843876 -5.262450
-2.678331 -4.912517
-3.458950 -4.454913
-4.051144 -4.051144
-4.616420 -3.539704
-4.831763 -2.974428
-5.262450 -2.247645
-5.450875 -1.682369
-5.612382 -0.955585
-5.693136 -0.121131
-5.773890 0.444145
660
-5.666218 1.224764 0.000000
-6.285330 1.117093 0.000000
-6.581427 0.228802 0.000000
-6.177658 -2.220727 0.000000
-5.127860 -4.293405 0.000000
-2.866756 -5.746972 0.000000
-1.305518 -6.096904 0.000000
-0.632571 -6.258412 0.000000
-0.121131 -6.258412 0.000000
0.013459 -5.935397 -0.000000
-0.794078 -5.558546 0.000000
-1.843876 -5.262450 0.000000
-2.678331 -4.912517 0.000000
-3.458950 -4.454913 0.000000
-4.051144 -4.051144 0.000000
-4.616420 -3.539704 0.000000
-4.831763 -2.974428 0.000000
-5.262450 -2.247645 0.000000
-5.450875 -1.682369 0.000000
-5.612382 -0.955585 0.000000
-5.693136 -0.121131 0.000000
-5.773890 0.444145 0.000000
-5.542398 1.224764 1.178073
-6.147980 1.117093 1.306794
-6.437607 0.228802 1.368356
-6.042661 -2.220727 1.284407
-5.015804 -4.293405 1.066142
-2.804111 -5.746972 0.596032
-1.276989 -6.096904 0.271432
-0.618747 -6.258412 0.131519
-0.118484 -6.258412 0.025184
0.013165 -5.935397 -0.002798
-0.776726 -5.558546 0.165098
-1.803583 -5.262450 0.383363
-2.619803 -4.912517 0.556856
-3.383364 -4.454913 0.719156
-3.962617 -4.051144 0.842280
-4.515540 -3.539704 0.959808
-4.726178 -2.974428 1.004580
-5.147452 -2.247645 1.094125
-5.331760 -1.682369 1.133301
-5.489738 -0.955585 1.166880
-5.568727 -0.121131 1.183670
-5.647716 0.444145 1.200459
-5.176348 1.224764 2.304659
-5.741934 1.117093 2.556474
-6.012432 0.228802 2.676907
-5.643572 -2.220727 2.512680
-4.684533 -4.293405 2.085689
-2.618912 -5.746972 1.166015
-1.192650 -6.096904 0.531002
-0.577882 -6.258412 0.257290
-0.110658 -6.258412 0.049268
0.012295 -5.935397 -0.005474
-0.725426 -5.558546 0.322981
-1.684465 -5.262450 0.749972
-2.446777 -4.912517 1.089375
-3.159908 -4.454913 1.406882
-3.700904 -4.051144 1.647749
-4.217309 -3.539704 1.877667
-4.414035 -2.974428 1.965255
-4.807487 -2.247645 2.140431
-4.979622 -1.682369 2.217071
-5.127166 -0.955585 2.282762
-5.200938 -0.121131 2.315607
-5.274711 0.444145 2.348452
-4.584067 1.224764 3.330519
-5.084939 1.117093 3.694424
-5.324486 0.228802 3.868466
-4.997830 -2.220727 3.631136
-4.148526 -4.293405 3.014080
-2.319255 -5.746972 1.685037
-1.056186 -6.096904 0.767364
-0.511760 -6.258412 0.371816
-0.097997 -6.258412 0.071199
0.010889 -5.935397 -0.007911
-0.642423 -5.558546 0.466747
-1.491727 -5.262450 1.083803
-2.166815 -4.912517 1.574284
-2.798349 -4.454913 2.033120
-3.277444 -4.051144 2.381203
-3.734762 -3.539704 2.713464
-3.908978 -2.974428 2.840039
-4.257411 -2.247645 3.093190
-4.409850 -1.682369 3.203944
-4.540513 -0.955585 3.298876
-4.605844 -0.121131 3.346341
-4.671175 0.444145 3.393807
-3.791440 1.224764 4.210821
-4.205707 1.117093 4.670910
-4.403834 0.228802 4.890953
-4.133660 -2.220727 4.590895
-3.431208 -4.293405 3.810743
-1.918234 -5.746972 2.130415
-0.873562 -6.096904 0.970189
-0.423272 -6.258412 0.470092
-0.081052 -6.258412 0.090018
0.009006 -5.935397 -0.010002
-0.531342 -5.558546 0.590115
-1.233794 -5.262450 1.370267
-1.792153 -4.912517 1.990388
-2.314489 -4.454913 2.570501
-2.710744 -4.051144 3.010587
-3.088988 -3.539704 3.430669
-3.233081 -2.974428 3.590700
-3.521266 -2.247645 3.910762
-3.647347 -1.682369 4.050789
-3.755417 -0.955585 4.170813
-3.809452 -0.121131 4.230825
-3.863486 0.444145 4.290836
-2.833109 1.224764 4.907089
-3.142665 1.117093 5.443255
-3.290713 0.228802 5.699683
-3.088829 -2.220727 5.350009
-2.563930 -4.293405 4.440857
-1.433378 -5.746972 2.482684
-0.652759 -6.096904 1.130612
-0.316285 -6.258412 0.547822
-0.060565 -6.258412 0.104902
0.006729 -5.935397 -0.011656
-0.397039 -5.558546 0.687692
-0.921938 -5.262450 1.596844
-1.339166 -4.912517 2.319503
-1.729475 -4.454913 2.995539
-2.025572 -4.051144 3.508394
-2.308210 -3.539704 3.997937
-2.415882 -2.974428 4.184430
-2.631225 -2.247645 4.557415
-2.725437 -1.682369 4.720596
-2.806191 -0.955585 4.860466
-2.846568 -0.121131 4.930400
-2.886945 0.444145 5.000335
-1.750958 1.224764 5.388894
-1.942274 1.117093 5.977704
-2.033773 0.228802 6.259309
-1.909001 -2.220727 5.875302
-1.584596 -4.293405 4.876885
-0.885876 -5.746972 2.726447
-0.403427 -6.096904 1.241622
-0.195475 -6.258412 0.601610
-0.037431 -6.258412 0.115202
0.004159 -5.935397 -0.012800
-0.245384 -5.558546 0.755213
-0.569789 -5.262450 1.753630
-0.827650 -4.912517 2.547244
-1.068874 -4.454913 3.289657
-1.251872 -4.051144 3.852867
-1.426552 -3.539704 4.390476
-1.493097 -2.974428 4.595280
-1.626186 -2.247645 5.004887
-1.684413 -1.682369 5.184090
-1.734321 -0.955585 5.337693
-1.759276 -0.121131 5.414494
-1.784230 0.444145 5.491295
-0.592281 1.224764 5.635178
-0.656996 1.117093 6.250898
-0.687946 0.228802 6.545373
-0.645741 -2.220727 6.143816
-0.536007 -4.293405 5.099769
-0.299658 -5.746972 2.851052
-0.136464 -6.096904 1.298366
-0.066122 -6.258412 0.629105
-0.012662 -6.258412 0.120467
0.001407 -5.935397 -0.013385
-0.083004 -5.558546 0.789728
-0.192738 -5.262450 1.833775
-0.279962 -4.912517 2.663659
-0.361559 -4.454913 3.440002
-0.423460 -4.051144 4.028951
-0.482547 -3.539704 4.591131
-0.505057 -2.974428 4.805294
-0.550076 -2.247645 5.233621
-0.569772 -1.682369 5.421014
-0.586654 -0.955585 5.581637
-0.595095 -0.121131 5.661948
-0.603536 0.444145 5.742260
0.592281 1.224764 5.635178
0.656996 1.117093 6.250898
0.687946 0.228802 6.545373
0.645741 -2.220727 6.143816
0.536007 -4.293405 5.099769
0.299658 -5.746972 2.851052
0.136464 -6.096904 1.298366
0.066122 -6.258412 0.629105
0.012662 -6.258412 0.120467
-0.001407 -5.935397 -0.013385
0.083004 -5.558546 0.789728
0.192738 -5.262450 1.833775
0.279962 -4.912517 2.663659
0.361559 -4.454913 3.440002
0.423460 -4.051144 4.028951
0.482547 -3.539704 4.591131
0.505057 -2.974428 4.805294
0.550076 -2.247645 5.233621
0.569772 -1.682369 5.421014
0.586654 -0.955585 5.581637
0.595095 -0.121131 5.661948
0.603536 0.444145 5.742260
1.750958 1.224764 5.388894
1.942274 1.117093 5.977704
2.033773 0.228802 6.259309
1.909001 -2.220727 5.875302
1.584596 -4.293405 4.876885
0.885876 -5.746972 2.726447
0.403427 -6.096904 1.241622
0.195475 -6.258412 0.601610
0.037431 -6.258412 0.115202
-0.004159 -5.935397 -0.012800
0.245384 -5.558546 0.755213
0.569789 -5.262450 1.753630
0.827650 -4.912517 2.547244
1.068874 -4.454913 3.289657
1.251872 -4.051144 3.852867
1.426552 -3.539704 4.390476
1.493097 -2.974428 4.595280
1.626186 -2.247645 5.004887
1.684413 -1.682369 5.184090
1.734321 -0.955585 5.337693
1.759276 -0.121131 5.414494
1.784230 0.444145 5.491295
2.833109 1.224764 4.907089
3.142665 1.117093 5.443255
3.290713 0.228802 5.699683
3.088829 -2.220727 5.350009
2.563930 -4.293405 4.440857
1.433378 -5.746972 2.482684
0.652759 -6.096904 1.130612
0.316285 -6.258412 0.547822
0.060565 -6.258412 0.104902
-0.006729 -5.935397 -0.011656
0.397039 -5.558546 0.687692
0.921938 -5.262450 1.596844
1.339166 -4.912517 2.319503
1.729475 -4.454913 2.995539
2.025572 -4.051144 3.508394
2.308210 -3.539704 3.997937
2.415882 -2.974428 4.184430
2.631225 -2.247645 4.557415
2.725437 -1.682369 4.720596
2.806191 -0.955585 4.860466
2.846568 -0.121131 4.930400
2.886945 0.444145 5.000335
3.791440 1.224764 4.210821
4.205707 1.117093 4.670910
4.403834 0.228802 4.890953
4.133660 -2.220727 4.590895
3.431208 -4.293405 3.810743
1.918234 -5.746972 2.130415
0.873562 -6.096904 0.970189
0.423272 -6.258412 0.470092
0.081052 -6.258412 0.090018
-0.009006 -5.935397 -0.010002
0.531342 -5.558546 0.590115
1.233794 -5.262450 1.370267
1.792153 -4.912517 1.990388
2.314489 -4.454913 2.570501
2.710744 -4.051144 3.010587
3.088988 -3.539704 3.430669
3.233081 -2.974428 3.590700
3.521266 -2.247645 3.910762
3.647347 -1.682369 4.050789
3.755417 -0.955585 4.170813
3.809452 -0.121131 4.230825
3.863486 0.444145 4.290836
4.584067 1.224764 3.330519
5.084939 1.117093 3.694424
5.324486 0.228802 3.868466
4.997830 -2.220727 3.631136
4.148526 -4.293405 3.014080
2.319255 -5.746972 1.685037
1.056186 -6.096904 0.767364
0.511760 -6.258412 0.371816
0.097997 -6.258412 0.071199
-0.010889 -5.935397 -0.007911
0.642423 -5.558546 0.466747
1.491727 -5.262450 1.083803
2.166815 -4.912517 1.574284
2.798349 -4.454913 2.033120
3.277444 -4.051144 2.381203
3.734762 -3.539704 2.713464
3.908978 -2.974428 2.840039
4.257411 -2.247645 3.093190
4.409850 -1.682369 3.203944
4.540513 -0.955585 3.298876
4.605844 -0.121131 3.346341
4.671175 0.444145 3.393807
5.176348 1.224764 2.304659
5.741934 1.117093 2.556474
6.012432 0.228802 2.676907
5.643572 -2.220727 2.512680
4.684533 -4.293405 2.085689
2.618912 -5.746972 1.166015
1.192650 -6.096904 0.531002
0.577882 -6.258412 0.257290
0.110658 -6.258412 0.049268
-0.012295 -5.935397 -0.005474
0.725426 -5.558546 0.322981
1.684465 -5.262450 0.749972
2.446777 -4.912517 1.089375
3.159908 -4.454913 1.406882
3.700904 -4.051144 1.647749
4.217309 -3.539704 1.877667
4.414035 -2.974428 1.965255
4.807487 -2.247645 2.140431
4.979622 -1.682369 2.217071
5.127166 -0.955585 2.282762
5.200938 -0.121131 2.315607
5.274711 0.444145 2.348452
5.542398 1.224764 1.178073
6.147980 1.117093 1.306794
6.437607 0.228802 1.368356
6.042661 -2.220727 1.284407
5.015804 -4.293405 1.066142
2.804111 -5.746972 0.596032
1.276989 -6.096904 0.271432
0.618747 -6.258412 0.131519
0.118484 -6.258412 0.025184
-0.013165 -5.935397 -0.002798
0.776726 -5.558546 0.165098
1.803583 -5.262450 0.383363
2.619803 -4.912517 0.556856
3.383364 -4.454913 0.719156
3.962617 -4.051144 0.842280
4.515540 -3.539704 0.959808
4.726178 -2.974428 1.004580
5.147452 -2.247645 1.094125
5.331760 -1.682369 1.133301
5.489738 -0.955585 1.166880
5.568727 -0.121131 1.183670
5.647716 0.444145 1.200459
5.666218 1.224764 0.000000
6.285330 1.117093 0.000000
6.581427 0.228802 0.000000
6.177658 -2.220727 0.000000
5.127860 -4.293405 0.000000
2.866756 -5.746972 0.000000
1.305518 -6.096904 0.000000
0.632571 -6.258412 0.000000
0.121131 -6.258412 0.000000
-0.013459 -5.935397 -0.000000
0.794078 -5.558546 0.000000
1.843876 -5.262450 0.000000
2.678331 -4.912517 0.000000
3.458950 -4.454913 0.000000
4.051144 -4.051144 0.000000
4.616420 -3.539704 0.000000
4.831763 -2.974428 0.000000
5.262450 -2.247645 0.000000
5.450875 -1.682369 0.000000
5.612382 -0.955585 0.000000
5.693136 -0.121131 0.000000
5.773890 0.444145 0.000000
5.542398 1.224764 -1.178073
6.147980 1.117093 -1.306794
6.437607 0.228802 -1.368356
6.042661 -2.220727 -1.284407
5.015804 -4.293405 -1.066142
2.804111 -5.746972 -0.596032
1.276989 -6.096904 -0.271432
0.618747 -6.258412 -0.131519
0.118484 -6.258412 -0.025184
-0.013165 -5.935397 0.002798
0.776726 -5.558546 -0.165098
1.803583 -5.262450 -0.383363
2.619803 -4.912517 -0.556856
3.383364 -4.454913 -0.719156
3.962617 -4.051144 -0.842280
4.515540 -3.539704 -0.959808
4.726178 -2.974428 -1.004580
5.147452 -2.247645 -1.094125
5.331760 -1.682369 -1.133301
5.489738 -0.955585 -1.166880
5.568727 -0.121131 -1.183670
5.647716 0.444145 -1.200459
5.176348 1.224764 -2.304659
5.741934 1.117093 -2.556474
6.012432 0.228802 -2.676907
5.643572 -2.220727 -2.512680
4.684533 -4.293405 -2.085689
2.618912 -5.746972 -1.166015
1.192650 -6.096904 -0.531002
0.577882 -6.258412 -0.257290
0.110658 -6.258412 -0.049268
-0.012295 -5.935397 0.005474
0.725426 -5.558546 -0.322981
1.684465 -5.262450 -0.749972
2.446777 -4.912517 -1.089375
3.159908 -4.454913 -1.406882
3.700904 -4.051144 -1.647749
4.217309 -3.539704 -1.877667
4.414035 -2.974428 -1.965255
4.807487 -2.247645 -2.140431
4.979622 -1.682369 -2.217071
5.127166 -0.955585 -2.282762
5.200938 -0.121131 -2.315607
5.274711 0.444145 -2.348452
4.584067 1.224764 -3.330519
5.084939 1.117093 -3.694424
5.324486 0.228802 -3.868466
4.997830 -2.220727 -3.631136
4.148526 -4.293405 -3.014080
2.319255 -5.746972 -1.685037
1.056186 -6.096904 -0.767364
0.511760 -6.258412 -0.371816
0.097997 -6.258412 -0.071199
-0.010889 -5.935397 0.007911
0.642423 -5.558546 -0.466747
1.491727 -5.262450 -1.083803
2.166815 -4.912517 -1.574284
2.798349 -4.454913 -2.033120
3.277444 -4.051144 -2.381203
3.734762 -3.539704 -2.713464
3.908978 -2.974428 -2.840039
4.257411 -2.247645 -3.093190
4.409850 -1.682369 -3.203944
4.540513 -0.955585 -3.298876
4.605844 -0.121131 -3.346341
4.671175 0.444145 -3.393807
3.791440 1.224764 -4.210821
4.205707 1.117093 -4.670910
4.403834 0.228802 -4.890953
4.133660 -2.220727 -4.590895
3.431208 -4.293405 -3.810743
1.918234 -5.746972 -2.130415
0.873562 -6.096904 -0.970189
0.423272 -6.258412 -0.470092
0.081052 -6.258412 -0.090018
-0.009006 -5.935397 0.010002
0.531342 -5.558546 -0.590115
1.233794 -5.262450 -1.370267
1.792153 -4.912517 -1.990388
2.314489 -4.454913 -2.570501
2.710744 -4.051144 -3.010587
3.088988 -3.539704 -3.430669
3.233081 -2.974428 -3.590700
3.521266 -2.247645 -3.910762
3.647347 -1.682369 -4.050789
3.755417 -0.955585 -4.170813
3.809452 -0.121131 -4.230825
3.863486 0.444145 -4.290836
2.833109 1.224764 -4.907089
3.142665 1.117093 -5.443255
3.290713 0.228802 -5.699683
3.088829 -2.220727 -5.350009
2.563930 -4.293405 -4.440857
1.433378 -5.746972 -2.482684
0.652759 -6.096904 -1.130612
0.316285 -6.258412 -0.547822
0.060565 -6.258412 -0.104902
-0.006729 -5.935397 0.011656
0.397039 -5.558546 -0.687692
0.921938 -5.262450 -1.596844
1.339166 -4.912517 -2.319503
1.729475 -4.454913 -2.995539
2.025572 -4.051144 -3.508394
2.308210 -3.539704 -3.997937
2.415882 -2.974428 -4.184430
2.631225 -2.247645 -4.557415
2.725437 -1.682369 -4.720596
2.806191 -0.955585 -4.860466
2.846568 -0.121131 -4.930400
2.886945 0.444145 -5.000335
1.750958 1.224764 -5.388894
1.942274 1.117093 -5.977704
2.033773 0.228802 -6.259309
1.909001 -2.220727 -5.875302
1.584596 -4.293405 -4.876885
0.885876 -5.746972 -2.726447
0.403427 -6.096904 -1.241622
0.195475 -6.258412 -0.601610
0.037431 -6.258412 -0.115202
-0.004159 -5.935397 0.012800
0.245384 -5.558546 -0.755213
0.569789 -5.262450 -1.753630
0.827650 -4.912517 -2.547244
1.068874 -4.454913 -3.289657
1.251872 -4.051144 -3.852867
1.426552 -3.539704 -4.390476
1.493097 -2.974428 -4.595280
1.626186 -2.247645 -5.004887
1.684413 -1.682369 -5.184090
1.734321 -0.955585 -5.337693
1.759276 -0.121131 -5.414494
1.784230 0.444145 -5.491295
0.592281 1.224764 -5.635178
0.656996 1.117093 -6.250898
0.687946 0.228802 -6.545373
0.645741 -2.220727 -6.143816
0.536007 -4.293405 -5.099769
0.299658 -5.746972 -2.851052
0.136464 -6.096904 -1.298366
0.066122 -6.258412 -0.629105
0.012662 -6.258412 -0.120467
-0.001407 -5.935397 0.013385
0.083004 -5.558546 -0.789728
0.192738 -5.262450 -1.833775
0.279962 -4.912517 -2.663659
0.361559 -4.454913 -3.440002
0.423460 -4.051144 -4.028951
0.482547 -3.539704 -4.591131
0.505057 -2.974428 -4.805294
0.550076 -2.247645 -5.233621
0.569772 -1.682369 -5.421014
0.586654 -0.955585 -5.581637
0.595095 -0.121131 -5.661948
0.603536 0.444145 -5.742260
-0.592281 1.224764 -5.635178
-0.656996 1.117093 -6.250898
-0.687946 0.228802 -6.545373
-0.645741 -2.220727 -6.143816
-0.536007 -4.293405 -5.099769
-0.299658 -5.746972 -2.851052
-0.136464 -6.096904 -1.298366
-0.066122 -6.258412 -0.629105
-0.012662 -6.258412 -0.120467
0.001407 -5.935397 0.013385
-0.083004 -5.558546 -0.789728
-0.192738 -5.262450 -1.833775
-0.279962 -4.912517 -2.663659
-0.361559 -4.454913 -3.440002
-0.423460 -4.051144 -4.028951
-0.482547 -3.539704 -4.591131
-0.505057 -2.974428 -4.805294
-0.550076 -2.247645 -5.233621
-0.569772 -1.682369 -5.421014
-0.586654 -0.955585 -5.581637
-0.595095 -0.121131 -5.661948
-0.603536 0.444145 -5.742260
-1.750958 1.224764 -5.388894
-1.942274 1.117093 -5.977704
-2.033773 0.228802 -6.259309
-1.909001 -2.220727 -5.875302
-1.584596 -4.293405 -4.876885
-0.885876 -5.746972 -2.726447
-0.403427 -6.096904 -1.241622
-0.195475 -6.258412 -0.601610
-0.037431 -6.258412 -0.115202
0.004159 -5.935397 0.012800
-0.245384 -5.558546 -0.755213
-0.569789 -5.262450 -1.753630
-0.827650 -4.912517 -2.547244
-1.068874 -4.454913 -3.289657
-1.251872 -4.051144 -3.852867
-1.426552 -3.539704 -4.390476
-1.493097 -2.974428 -4.595280
-1.626186 -2.247645 -5.004887
-1.684413 -1.682369 -5.184090
-1.734321 -0.955585 -5.337693
-1.759276 -0.121131 -5.414494
-1.784230 0.444145 -5.491295
-2.833109 1.224764 -4.907089
-3.142665 1.117093 -5.443255
-3.290713 0.228802 -5.699683
-3.088829 -2.220727 -5.350009
-2.563930 -4.293405 -4.440857
-1.433378 -5.746972 -2.482684
-0.652759 -6.096904 -1.130612
-0.316285 -6.258412 -0.547822
-0.060565 -6.258412 -0.104902
0.006729 -5.935397 0.011656
-0.397039 -5.558546 -0.687692
-0.921938 -5.262450 -1.596844
-1.339166 -4.912517 -2.319503
-1.729475 -4.454913 -2.995539
-2.025572 -4.051144 -3.508394
-2.308210 -3.539704 -3.997937
-2.415882 -2.974428 -4.184430
-2.631225 -2.247645 -4.557415
-2.725437 -1.682369 -4.720596
-2.806191 -0.955585 -4.860466
-2.846568 -0.121131 -4.930400
-2.886945 0.444145 -5.000335
-3.791440 1.224764 -4.210821
-4.205707 1.117093 -4.670910
-4.403834 0.228802 -4.890953
-4.133660 -2.220727 -4.590895
-3.431208 -4.293405 -3.810743
-1.918234 -5.746972 -2.130415
-0.873562 -6.096904 -0.970189
-0.423272 -6.258412 -0.470092
-0.081052 -6.258412 -0.090018
0.009006 -5.935397 0.010002
-0.531342 -5.558546 -0.590115
-1.233794 -5.262450 -1.370267
-1.792153 -4.912517 -1.990388
-2.314489 -4.454913 -2.570501
-2.710744 -4.051144 -3.010587
-3.088988 -3.539704 -3.430669
-3.233081 -2.974428 -3.590700
-3.521266 -2.247645 -3.910762
-3.647347 -1.682369 -4.050789
-3.755417 -0.955585 -4.170813
-3.809452 -0.121131 -4.230825
-3.863486 0.444145 -4.290836
-4.584067 1.224764 -3.330519
-5.084939 1.117093 -3.694424
-5.324486 0.228802 -3.868466
-4.997830 -2.220727 -3.631136
-4.148526 -4.293405 -3.014080
-2.319255 -5.746972 -1.685037
-1.056186 -6.096904 -0.767364
-0.511760 -6.258412 -0.371816
-0.097997 -6.258412 -0.071199
0.010889 -5.935397 0.007911
-0.642423 -5.558546 -0.466747
-1.491727 -5.262450 -1.083803
-2.166815 -4.912517 -1.574284
-2.798349 -4.454913 -2.033120
-3.277444 -4.051144 -2.381203
-3.734762 -3.539704 -2.713464
-3.908978 -2.974428 -2.840039
-4.257411 -2.247645 -3.093190
-4.409850 -1.682369 -3.203944
-4.540513 -0.955585 -3.298876
-4.605844 -0.121131 -3.346341
-4.671175 0.444145 -3.393807
-5.176348 1.224764 -2.304659
-5.741934 1.117093 -2.556474
-6.012432 0.228802 -2.676907
-5.643572 -2.220727 -2.512680
-4.684533 -4.293405 -2.085689
-2.618912 -5.746972 -1.166015
-1.192650 -6.096904 -0.531002
-0.577882 -6.258412 -0.257290
-0.110658 -6.258412 -0.049268
0.012295 -5.935397 0.005474
-0.725426 -5.558546 -0.322981
-1.684465 -5.262450 -0.749972
-2.446777 -4.912517 -1.089375
-3.159908 -4.454913 -1.406882
-3.700904 -4.051144 -1.647749
-4.217309 -3.539704 -1.877667
-4.414035 -2.974428 -1.965255
-4.807487 -2.247645 -2.140431
-4.979622 -1.682369 -2.217071
-5.127166 -0.955585 -2.282762
-5.200938 -0.121131 -2.315607
-5.274711 0.444145 -2.348452
-5.542398 1.224764 -1.178073
-6.147980 1.117093 -1.306794
-6.437607 0.228802 -1.368356
-6.042661 -2.220727 -1.284407
-5.015804 -4.293405 -1.066142
-2.804111 -5.746972 -0.596032
-1.276989 -6.096904 -0.271432
-0.618747 -6.258412 -0.131519
-0.118484 -6.258412 -0.025184
0.013165 -5.935397 0.002798
-0.776726 -5.558546 -0.165098
-1.803583 -5.262450 -0.383363
-2.619803 -4.912517 -0.556856
-3.383364 -4.454913 -0.719156
-3.962617 -4.051144 -0.842280
-4.515540 -3.539704 -0.959808
-4.726178 -2.974428 -1.004580
-5.147452 -2.247645 -1.094125
-5.331760 -1.682369 -1.133301
-5.489738 -0.955585 -1.166880
-5.568727 -0.121131 -1.183670
-5.647716 0.444145 -1.200459
660
4 0 22 23 1
4 1 23 24 2
4 2 24 25 3
4 3 25 26 4
4 4 26 27 5
4 5 27 28 6
4 6 28 29 7
4 7 29 30 8
4 8 30 31 9
4 9 31 32 10
4 10 32 33 11
4 11 33 34 12
4 12 34 35 13
4 13 35 36 14
4 14 36 37 15
4 15 37 38 16
4 16 38 39 17
4 17 39 40 18
4 18 40 41 19
4 19 41 42 20
4 20 42 43 21
4 21 43 22 0
4 22 44 45 23
4 23 45 46 24
4 24 46 47 25
4 25 47 48 26
4 26 48 49 27
4 27 49 50 28
4 28 50 51 29
4 29 51 52 30
4 30 52 53 31
4 31 53 54 32
4 32 54 55 33
4 33 55 56 34
4 34 56 57 35
4 35 57 58 36
4 36 58 59 37
4 37 59 60 38
4 38 60 61 39
4 39 61 62 40
4 40 62 63 41
4 41 63 64 42
4 42 64 65 43
4 43 65 44 22
4 44 66 67 45
4 45 67 68 46
4 46 68 69 47
4 47 69 70 48
4 48 70 71 49
4 49 71 72 50
4 50 72 73 51
4 51 73 74 52
4 52 74 75 53
4 53 75 76 54
4 54 76 77 55
4 55 77 78 56
4 56 78 79 57
4 57 79 80 58
4 58 80 81 59
4 59 81 82 60
4 60 82 83 61
4 61 83 84 62
4 62 84 85 63
4 63 85 86 64
4 64 86 87 65
4 65 87 66 44
4 66 88 89 67
4 67 89 90 68
4 68 90 91 69
4 69 91 92 70
4 70 92 93 71
4 71 93 94 72
4 72 94 95 73
4 73 95 96 74
4 74 96 97 75
4 75 97 98 76
4 76 98 99 77
4 77 99 100 78
4 78 100 101 79
4 79 101 102 80
4 80 102 103 81
4 81 103 104 82
4 82 104 105 83
4 83 105 106 84
4 84 106 107 85
4 85 107 108 86
4 86 108 109 87
4 87 109 88 66
4 88 110 111 89
4 89 111 112 90
4 90 112 113 91
4 91 113 114 92
4 92 114 115 93
4 93 115 116 94
4 94 116 117 95
4 95 117 118 96
4 96 118 119 97
4 97 119 120 98
4 98 120 121 99
4 99 121 122 100
4 100 122 123 101
4 101 123 124 102
4 102 124 125 103
4 103 125 126 104
4 104 126 127 105
4 105 127 128 106
4 106 128 129 107
4 107 129 130 108
4 108 130 131 109
4 109 131 110 88
4 110 132 133 111
4 111 133 134 112
4 112 134 135 113
4 113 135 136 114
4 114 136 137 115
4 115 137 138 116
4 116 138 139 117
4 117 139 140 118
4 118 140 141 119
4 119 141 142 120
4 120 142 143 121
4 121 143 144 122
4 122 144 145 123
4 123 145 146 124
4 124 146 147 125
4 125 147 148 126
4 126 148 149 127
4 127 149 150 128
4 128 150 151 129
4 129 151 152 130
4 130 152 153 131
4 131 153 132 110
4 132 154 155 133
4 133 155 156 134
4 134 156 157 135
4 135 157 158 136
4 136 158 159 137
4 137 159 160 138
4 138 160 161 139
4 139 161 162 140
4 140 162 163 141
4 141 163 164 142
4 142 164 165 143
4 143 165 166 144
4 144 166 167 145
4 145 167 168 146
4 146 168 169 147
4 147 169 170 148
4 148 170 171 149
4 149 171 172 150
4 150 172 173 151
4 151 173 174 152
4 152 174 175 153
4 153 175 154 132
4 154 176 177 155
4 155 177 178 156
4 156 178 179 157
4 157 179 180 158
4 158 180 181 159
4 159 181 182 160
4 160 182 183 161
4 161 183 184 162
4 162 184 185 163
4 163 185 186 164
4 164 186 187 165
4 165 187 188 166
4 166 188 189 167
4 167 189 190 168
4 168 190 191 169
4 169 191 192 170
4 170 192 193 171
4 171 193 194 172
4 172 194 195 173
4 173 195 196 174
4 174 196 197 175
4 175 197 176 154
4 176 198 199 177
4 177 199 200 178
4 178 200 201 179
4 179 201 202 180
4 180 202 203 181
4 181 203 204 182
4 182 204 205 183
4 183 205 206 184
4 184 206 207 185
4 185 207 208 186
4 186 208 209 187
4 187 209 210 188
4 188 210 211 189
4 189 211 212 190
4 190 212 213 191
4 191 213 214 192
4 192 214 215 193
4 193 215 216 194
4 194 216 217 195
4 195 217 218 196
4 196 218 219 197
4 197 219 198 176
4 198 220 221 199
4 199 221 222 200
4 200 222 223 201
4 201 223 224 202
4 202 224 225 203
4 203 225 226 204
4 204 226 227 205
4 205 227 228 206
4 206 228 229 207
4 207 229 230 208
4 208 230 231 209
4 209 231 232 210
4 210 232 233 211
4 211 233 234 212
4 212 234 235 213
4 213 235 236 214
4 214 236 237 215
4 215 237 238 216
4 216 238 239 217
4 217 239 240 218
4 218 240 241 219
4 219 241 220 198
4 220 242 243 221
4 221 243 244 222
4 222 244 245 223
4 223 245 246 224
4 224 246 247 225
4 225 247 248 226
4 226 248 249 227
4 227 249 250 228
4 228 250 251 229
4 229 251 252 230
4 230 252 253 231
4 231 253 254 232
4 232 254 255 233
4 233 255 256 234
4 234 256 257 235
4 235 257 258 236
4 236 258 259 237
4 237 259 260 238
4 238 260 261 239
4 239 261 262 240
4 240 262 263 241
4 241 263 242 220
4 242 264 265 243
4 243 265 266 244
4 244 266 267 245
4 245 267 268 246
4 246 268 269 247
4 247 269 270 248
4 248 270 271 249
4 249 271 272 250
4 250 272 273 251
4 251 273 274 252
4 252 274 275 253
4 253 275 276 254
4 254 276 277 255
4 255 277 278 256
4 256 278 279 257
4 257 279 280 258
4 258 280 281 259
4 259 281 282 260
4 260 282 283 261
4 261 283 284 262
4 262 284 285 263
4 263 285 264 242
4 264 286 287 265
4 265 287 288 266
4 266 288 289 267
4 267 289 290 268
4 268 290 291 269
4 269 291 292 270
4 270 292 293 271
4 271 293 294 272
4 272 294 295 273
4 273 295 296 274
4 274 296 297 275
4 275 297 298 276
4 276 298 299 277
4 277 299 300 278
4 278 300 301 279
4 279 301 302 280
4 280 302 303 281
4 281 303 304 282
4 282 304 305 283
4 283 305 306 284
4 284 306 307 285
4 285 307 286 264
4 286 308 309 287
4 287 309 310 288
4 288 310 311 289
4 289 311 312 290
4 290 312 313 291
4 291 313 314 292
4 292 314 315 293
4 293 315 316 294
4 294 316 317 295
4 295 317 318 296
4 296 318 319 297
4 297 319 320 298
4 298 320 321 299
4 299 321 322 300
4 300 322 323 301
4 301 323 324 302
4 302 324 325 303
4 303 325 326 304
4 304 326 327 305
4 305 327 328 306
4 306 328 329 307
4 307 329 308 286
4 308 330 331 309
4 309 331 332 310
4 310 332 333 311
4 311 333 334 312
4 312 334 335 313
4 313 335 336 314
4 314 336 337 315
4 315 337 338 316
4 316 338 339 317
4 317 339 340 318
4 318 340 341 319
4 319 341 342 320
4 320 342 343 321
4 321 343 344 322
4 322 344 345 323
4 323 345 346 324
4 324 346 347 325
4 325 347 348 326
4 326 348 349 327
4 327 349 350 328
4 328 350 351 329
4 329 351 330 308
4 330 352 353 331
4 331 353 354 332
4 332 354 355 333
4 333 355 356 334
4 334 356 357 335
4 335 357 358 336
4 336 358 359 337
4 337 359 360 338
4 338 360 361 339
4 339 361 362 340
4 340 362 363 341
4 341 363 364 342
4 342 364 365 343
4 343 365 366 344
4 344 366 367 345
4 345 367 368 346
4 346 368 369 347
4 347 369 370 348
4 348 370 371 349
4 349 371 372 350
4 350 372 373 351
4 351 373 352 330
4 352 374 375 353
4 353 375 376 354
4 354 376 377 355
4 355 377 378 356
4 356 378 379 357
4 357 379 380 358
4 358 380 381 359
4 359 381 382 360
4 360 382 383 361
4 361 383 384 362
4 362 384 385 363
4 363 385 386 364
4 364 386 387 365
4 365 387 388 366
4 366 388 389 367
4 367 389 390 368
4 368 390 391 369
4 369 391 392 370
4 370 392 393 371
4 371 393 394 372
4 372 394 395 373
4 373 395 374 352
4 374 396 397 375
4 375 397 398 376
4 376 398 399 377
4 377 399 400 378
4 378 400 401 379
4 379 401 402 380
4 380 402 403 381
4 381 403 404 382
4 382 404 405 383
4 383 405 406 384
4 384 406 407 385
4 385 407 408 386
4 386 408 409 387
4 387 409 410 388
4 388 410 411 389
4 389 411 412 390
4 390 412 413 391
4 391 413 414 392
4 392 414 415 393
4 393 415 416 394
4 394 416 417 395
4 395 417 396 374
4 396 418 419 397
4 397 419 420 398
4 398 420 421 399
4 399 421 422 400
4 400 422 423 401
4 401 423 424 402
4 402 424 425 403
4 403 425 426 404
4 404 426 427 405
4 405 427 428 406
4 406 428 429 407
4 407 429 430 408
4 408 430 431 409
4 409 431 432 410
4 410 432 433 411
4 411 433 434 412
4 412 434 435 413
4 413 435 436 414
4 414 436 437 415
4 415 437 438 416
4 416 438 439 417
4 417 439 418 396
4 418 440 441 419
4 419 441 442 420
4 420 442 443 421
4 421 443 444 422
4 422 444 445 423
4 423 445 446 424
4 424 446 447 425
4 425 447 448 426
4 426 448 449 427
4 427 449 450 428
4 428 450 451 429
4 429 451 452 430
4 430 452 453 431
4 431 453 454 432
4 432 454 455 433
4 433 455 456 434
4 434 456 457 435
4 435 457 458 436
4 436 458 459 437
4 437 459 460 438
4 438 460 461 439
4 439 461 440 418
4 440 462 463 441
4 441 463 464 442
4 442 464 465 443
4 443 465 466 444
4 444 466 467 445
4 445 467 468 446
4 446 468 469 447
4 447 469 470 448
4 448 470 471 449
4 449 471 472 450
4 450 472 473 451
4 451 473 474 452
4 452 474 475 453
4 453 475 476 454
4 454 476 477 455
4 455 477 478 456
4 456 478 479 457
4 457 479 480 458
4 458 480 481 459
4 459 481 482 460
4 460 482 483 461
4 461 483 462 440
4 462 484 485 463
4 463 485 486 464
4 464 486 487 465
4 465 487 488 466
4 466 488 489 467
4 467 489 490 468
4 468 490 491 469
4 469 491 492 470
4 470 492 493 471
4 471 493 494 472
4 472 494 495 473
4 473 495 496 474
4 474 496 497 475
4 475 497 498 476
4 476 498 499 477
4 477 499 500 478
4 478 500 501 479
4 479 501 502 480
4 480 502 503 481
4 481 503 504 482
4 482 504 505 483
4 483 505 484 462
4 484 506 507 485
4 485 507 508 486
4 486 508 509 487
4 487 509 510 488
4 488 510 511 489
4 489 511 512 490
4 490 512 513 491
4 491 513 514 492
4 492 514 515 493
4 493 515 516 494
4 494 516 517 495
4 495 517 518 496
4 496 518 519 497
4 497 519 520 498
4 498 520 521 499
4 499 521 522 500
4 500 522 523 501
4 501 523 524 502
4 502 524 525 503
4 503 525 526 504
4 504 526 527 505
4 505 527 506 484
4 506 528 529 507
4 507 529 530 508
4 508 530 531 509
4 509 531 532 510
4 510 532 533 511
4 511 533 534 512
4 512 534 535 513
4 513 535 536 514
4 514 536 537 515
4 515 537 538 516
4 516 538 539 517
4 517 539 540 518
4 518 540 541 519
4 519 541 542 520
4 520 542 543 521
4 521 543 544 522
4 522 544 545 523
4 523 545 546 524
4 524 546 547 525
4 525 547 548 526
4 526 548 549 527
4 527 549 528 506
4 528 550 551 529
4 529 551 552 530
4 530 552 553 531
4 531 553 554 532
4 532 554 555 533
4 533 555 556 534
4 534 556 557 535
4 535 557 558 536
4 536 558 559 537
4 537 559 560 538
4 538 560 561 539
4 539 561 562 540
4 540 562 563 541
4 541 563 564 542
4 542 564 565 543
4 543 565 566 544
4 544 566 567 545
4 545 567 568 546
4 546 568 569 547
4 547 569 570 548
4 548 570 571 549
4 549 571 550 528
4 550 572 573 551
4 551 573 574 552
4 552 574 575 553
4 553 575 576 554
4 554 576 577 555
4 555 577 578 556
4 556 578 579 557
4 557 579 580 558
4 558 580 581 559
4 559 581 582 560
4 560 582 583 561
4 561 583 584 562
4 562 584 585 563
4 563 585 586 564
4 564 586 587 565
4 565 587 588 566
4 566 588 589 567
4 567 589 590 568
4 568 590 591 569
4 569 591 592 570
4 570 592 593 571
4 571 593 572 550
4 572 594 595 573
4 573 595 596 574
4 574 596 597 575
4 575 597 598 576
4 576 598 599 577
4 577 599 600 578
4 578 600 601 579
4 579 601 602 580
4 580 602 603 581
4 581 603 604 582
4 582 604 605 583
4 583 605 606 584
4 584 606 607 585
4 585 607 608 586
4 586 608 609 587
4 587 609 610 588
4 588 610 611 589
4 589 611 612 590
4 590 612 613 591
4 591 613 614 592
4 592 614 615 593
4 593 615 594 572
4 594 616 617 595
4 595 617 618 596
4 596 618 619 597
4 597 619 620 598
4 598 620 621 599
4 599 621 622 600
4 600 622 623 601
4 601 623 624 602
4 602 624 625 603
4 603 625 626 604
4 604 626 627 605
4 605 627 628 606
4 606 628 629 607
4 607 629 630 608
4 608 630 631 609
4 609 631 632 610
4 610 632 633 611
4 611 633 634 612
4 612 634 635 613
4 613 635 636 614
4 614 636 637 615
4 615 637 616 594
4 616 638 639 617
4 617 639 640 618
4 618 640 641 619
4 619 641 642 620
4 620 642 643 621
4 621 643 644 622
4 622 644 645 623
4 623 645 646 624
4 624 646 647 625
4 625 647 648 626
4 626 648 649 627
4 627 649 650 628
4 628 650 651 629
4 629 651 652 630
4 630 652 653 631
4 631 653 654 632
4 632 654 655 633
4 633 655 656 634
4 634 656 657 635
4 635 657 658 636
4 636 658 659 637
4 637 659 638 616
4 638 0 1 639
4 639 1 2 640
4 640 2 3 641
4 641 3 4 642
4 642 4 5 643
4 643 5 6 644
4 644 6 7 645
4 645 7 8 646
4 646 8 9 647
4 647 9 10 648
4 648 10 11 649
4 649 11 12 650
4 650 12 13 651
4 651 13 14 652
4 652 14 15 653
4 653 15 16 654
4 654 16 17 655
4 655 17 18 656
4 656 18 19 657
4 657 19 20 658
4 658 20 21 659
4 659 21 0 638
